0.642435
0.99999535
0.9487292
0.5649707
0.87083364
0.9999888
0.6183123
0.99349505
0.73838305
0.91389656
0.9999951
0.8647224
0.7202974
0.026515884
0.39924768
0.8086367
0.32720166
0.124116786
0.98310226
1.0
0.7159169
0.89568913
0.7199321
0.43807295
0.98660815
0.7116017
0.8868195
0.010460357
0.011003691
1.0
0.71857077
0.5926065
0.99997187
0.5223463
0.17936492
0.9783263
0.7984095
0.9766838
0.67355573
0.99999964
0.9965829
0.9999728
0.63595515
0.007634175
0.38010952
0.96707135
1.0
1.0
0.8037885
1.0
0.99993753
0.45975238
0.63234395
0.9998411
0.9216557
0.65631205
0.8166093
0.9997991
0.85093015
0.8874266
0.66745126
0.00062624103
0.9999888
0.54379666
0.72974706
0.9395238
0.030529985
0.019732006
0.9987091
0.62794256
0.990728
0.5146979
0.33147418
0.7168127
0.51158684
0.44568762
0.9413199
1.0
0.56618065
0.99999976
0.6349375
0.99999654
0.9999975
0.0407501
0.6976642
0.6846633
0.9577192
0.0046877256
0.7467334
1.0
0.032060463
0.60319954
0.9999989
0.9757298
0.5876179
0.3964486
0.99999666
0.88460517
0.9189739
0.99729675
0.0024524853
0.9539615
0.040854458
0.90332174
0.6242201
0.5298962
0.06496231
0.8617681
1.7566357e-07
0.01830066
0.75671536
0.99999976
0.94151896
0.93786126
0.6972948
1.0
0.9619896
0.58355665
0.58350766
0.3676412
0.80157584
0.49116048
0.9999987
0.8181394
0.007916409
0.7410742
0.5134719
0.19313379
0.0011333985
0.9798164
0.7715903
0.66575575
0.21323422
0.573359
0.98884904
1.8098897e-05
0.8451874
0.38549504
0.79344803
0.86412674
0.44818786
0.694471
0.2966478
0.900883
0.9677394
0.07601959
0.16693223
0.99630666
0.65503126
0.49193287
0.5596117
0.98013204
0.59853506
0.965291
0.7023153
0.92858267
0.8736848
1.0
0.999944
0.86116827
0.026461894
0.94412553
0.5118057
0.9999958
0.6748612
0.84422654
0.9999999
0.98861396
2.3046493e-07
0.96228456
1.3203774e-08
0.669879
0.9897558
0.6792959
0.6146099
0.9999087
0.6045015
0.9861748
0.7613412
0.68132293
0.97421885
0.99892235
0.8765188
0.72365195
0.9984989
0.6256518
1.0
0.8334672
0.77444464
0.87026155
0.2638523
0.52986324
0.74282587
0.58720505
0.60426694
0.99896693
0.039380994
0.4326515
0.9999459
0.44923717
0.0008821695
0.60901994
0.9999845
0.83868235
0.61526096
0.5337934
0.010860639
0.6146164
0.9479665
0.84533656
0.876801
0.77466065
0.98157954
0.8518302
0.9931879
0.68357074
0.67628574
0.8921662
0.3675782
1.0
0.29308113
0.999966
0.6889428
0.6346377
0.6444262
0.5126823
0.88222647
0.64024013
0.99999976
0.7553306
0.3854725
0.78991544
0.99180764
0.24719292
0.9810632
0.31000787
0.9999938
0.6877717
0.20301954
0.65201706
0.8586006
0.99993634
0.9999982
0.9460607
0.91086763
0.5257702
0.566341
0.9987243
0.0001627257
0.11695917
0.027469678
0.6752871
0.51939464
0.6450603
0.61805254
0.7277865
1.0
0.98663855
0.61159086
0.9994925
0.8451161
0.73868275
0.04277885
0.540878
1.0
0.31949386
0.99991274
0.9999509
0.9487839
0.93067783
0.00989989
0.8488443
0.6848043
0.42039576
0.5328473
0.834553
0.99999714
1.0
0.6299293
0.486179
0.5440066
0.44661474
0.16703558
0.26143423
0.80028284
0.9009326
0.6581651
1.0
0.6142085
0.913545
0.7464435
0.9999999
1.0
0.6751532
0.4656128
0.627061
0.8194108
0.99363786
0.93096966
0.99999464
0.4561626
0.75411224
0.019052055
0.035162833
0.95073503
0.521639
0.64988667
0.5582029
0.41381827
0.50924367
0.9837996
0.5317666
1.0
0.9999987
1.0
0.40613598
0.8085618
1.0
1.0
0.9828718
1.0
0.71448123
0.9965623
0.27408698
0.68282545
0.7756335
0.70812863
0.008792073
0.9805344
0.00011777749
0.9878599
0.48153296
0.99794537
0.6176141
0.983139
0.9997644
0.9994293
0.4413983
0.6241638
0.3067277
0.99866354
0.82990783
0.8283031
0.00034165755
0.99936026
0.9999994
0.24853373
1.0
0.0019710767
0.3308665
0.53759116
0.635394
0.9999989
0.676399
0.00014825942
0.99468565
0.08921905
0.61321425
0.98714566
0.9983908
0.99917895
0.15802105
0.93391484
0.04439325
0.99999535
0.86102635
1.0
0.00022265442
0.6903719
0.20394616
0.99013245
0.61968255
0.6165746
0.42272204
0.75311077
1.0
0.719408
0.009628068
0.85669583
0.5466538
0.9996749
0.6789694
0.63930225
0.5616703
0.8799155
0.7148247
1.0
0.6934217
0.6005382
0.9980819
0.32906836
0.57413363
0.60042334
1.0
0.029971633
0.09347509
0.9999671
0.87984854
0.5409372
0.9961611
0.68204045
0.7424471
0.40466714
0.6343884
0.7378067
0.60595894
1.0
0.59033674
0.58050156
0.9998586
0.99982554
1.0
0.86915755
0.56888515
0.81398463
0.23337395
0.99217975
0.15259859
0.76350445
0.5502175
0.70260376
0.7999527
0.822688
0.4850169
0.39357522
0.7875317
0.8994499
0.9591909
0.55826217
0.039121952
0.5179224
0.9245472
0.6896441
0.3720496
0.645828
0.99999857
0.38867414
0.00016953082
0.63886267
0.04914993
0.9937384
0.66330504
0.7630489
2.0921634e-05
0.0014797893
0.002654877
0.99999905
0.8489894
0.40905964
0.6530887
0.5722073
0.99996865
0.6023652
0.7886709
0.67329746
0.33117053
0.86325526
0.99995303
1.0
0.89081407
0.69712484
0.32484454
0.9999546
0.6835283
0.89613914
0.93478113
0.103961445
0.6958945
0.6070476
0.7067253
0.1907227
0.9425769
0.73806846
0.0011921063
0.6987457
0.8705476
0.9995315
0.68618196
0.046074804
0.77277625
0.7057947
0.55016005
0.7466568
0.9477201
0.6147542
0.9951192
0.9999932
0.99939597
0.36404
0.9999597
1.0
0.98215526
9.713585e-07
0.65989596
1.0
0.012573547
0.999411
0.4819894
0.95641273
1.0
0.6486979
0.5933411
0.00071236695
0.6464798
0.5917332
0.9938724
0.020252828
0.99993193
0.5862772
0.940267
0.57755625
0.99945754
0.9999999
0.92180884
0.43009478
0.78917485
0.13211195
0.6866832
0.5783425
0.999982
0.055632204
0.39284387
1.0
0.0008350417
0.13512464
0.88488656
0.61771584
0.37996298
0.48628536
0.7183501
0.8497966
1.0
0.3951993
0.76971924
0.586913
0.9998771
0.99999774
0.76270247
0.8030471
0.736969
0.563322
0.9998652
0.9999974
0.10012586
0.013982166
0.54080296
0.9607238
5.519524e-07
0.7078067
0.37651318
0.9999962
2.6731595e-06
0.45362005
0.69179744
0.34516862
0.81620854
0.99998593
1.0
0.025011763
0.031894732
0.9300111
0.9966672
0.9999881
0.9118813
0.966343
0.99048245
0.5105344
0.79216623
0.39316404
0.38026485
0.9675565
0.1272383
0.6296228
0.5889385
0.6309648
0.28240526
0.12729967
0.71248496
0.914592
0.7399029
0.98507375
9.156966e-06
0.00050453737
0.98356277
0.00022609698
0.45099682
0.532597
0.020986333
0.74650395
0.7923898
0.445972
0.5821338
0.013431413
0.73046553
0.8612177
0.9999577
0.6114843
0.722439
0.9922321
0.9999969
0.9999393
0.5634512
0.9582079
0.64056075
0.99998295
0.6397372
0.9999999
0.999979
0.90561795
0.9260419
0.9944852
0.9983852
0.5289447
0.4071401
0.999995
0.99999297
0.9998035
2.2782197e-05
0.11304723
0.4501302
0.9861878
0.99998724
0.04928808
0.99999976
0.13228555
0.99999297
0.0074943514
0.86076504
0.9005634
0.9238785
0.89190733
0.43273574
0.67818683
0.5973473
0.0061073494
0.58342487
0.6546683
0.9999995
0.9502528
0.70028436
0.684087
0.3560342
1.0
0.997355
1.0
0.7087833
0.6766453
0.9996062
0.61409086
0.014949923
0.99218774
0.27955484
0.7409099
1.0
0.99796677
0.99999964
0.99974936
0.00018226996
0.7065109
1.0
0.9931445
0.6014022
0.99389946
0.18104658
1.0
0.9999974
0.7270375
0.00556908
0.93570966
0.9998851
0.5868741
0.83435595
0.98765326
0.87319046
0.71345747
0.71932495
0.99753004
0.6059917
0.41420385
0.01607496
0.2874541
0.053721055
0.8562703
0.2851077
0.34553012
0.99398756
0.5916859
0.6918616
0.99616843
0.8197948
0.4883923
0.6249275
0.88725424
0.99999535
0.9779333
0.99393564
0.48026058
0.9995396
0.64745647
0.99929583
0.9863067
0.40469083
0.98659223
0.9998995
0.594127
0.13355882
0.0024204259
0.61957186
0.8630241
0.8582893
0.6146902
0.6768373
0.358315
0.24828209
0.9113522
0.03194939
0.7424427
0.99999535
0.16688849
0.58513635
0.5602598
0.55739456
0.66048855
0.63076293
0.87015504
0.50803035
0.302925
1.0
8.1328653e-07
0.70466226
0.48012236
0.99462515
0.068122424
0.9423661
0.6746777
0.13229154
0.5252592
0.09912175
0.693768
0.9316629
0.8282544
0.010095214
0.97802746
1.0
0.9998447
0.8073636
1.0
0.46708187
0.029953003
0.9464654
0.64184994
0.6280047
0.0064717717
0.10676489
0.83504647
0.5241239
0.53294545
0.9769198
0.0028812727
0.9997764
0.7664562
0.36148545
1.0
0.95860535
0.8756695
0.25378856
0.9968867
0.70237565
0.93558127
0.7138612
0.56768703
0.7891817
8.356545e-06
0.4806412
0.6871631
1.0
0.8269383
0.9800949
1.0
0.88267815
0.97831887
0.5641286
0.56390756
0.67105055
0.73044425
0.9903501
0.9999989
0.9999939
0.9999882
0.99830437
0.47707877
0.99865305
0.806621
0.90939957
0.8602681
0.4833125
2.6920952e-12
0.0062824674
0.82835484
0.3634562
0.36675686
0.38444456
0.99998236
0.35005778
0.5791689
0.95692855
0.99784935
0.017733732
0.63085306
0.9751247
0.5629698
0.584866
0.682581
0.6645265
0.0640722
0.06509649
0.59163046
0.09524825
0.00012939137
0.5789838
0.8131642
0.4194229
0.59687364
0.99248934
0.00051097915
0.15648915
0.2327613
0.8745989
0.50514096
0.033882007
0.55141824
1.0
0.9924089
0.9750601
0.9205546
0.74122816
0.85311013
1.0
0.30387378
0.9999981
0.595102
0.6608874
0.99999917
0.51420796
0.4991279
0.5123251
0.6978745
0.9999511
0.6442415
0.52190846
0.64837575
0.9997247
0.597331
0.92815715
0.7658168
0.8013166
0.0034584305
0.7763811
0.9760358
0.608319
0.5810242
0.99718046
1.0
0.8292685
0.99889827
0.99566746
0.56106603
0.7235336
0.63167644
0.616814
0.9629959
0.7056941
0.8737308
0.51186466
0.71686935
0.18515766
0.6551204
6.4473056e-08
0.7695855
8.768375e-05
0.9169845
0.5425045
1.0
0.99999547
1.0
0.9999999
0.94263196
0.83654577
0.68370336
0.8788409
1.0
1.0
0.56362206
0.9749033
1.0
0.6460193
0.5187628
0.89600664
0.8644912
0.0012964112
0.9934521
0.99801373
0.7767829
1.0
0.92145485
0.114433795
0.7675489
0.2500657
0.99637944
0.03783112
0.9992924
0.90152866
0.915155
0.9999857
0.0214001
0.68315977
0.78456014
0.0053830612
0.83039296
0.2003927
0.62421405
0.4284693
0.020673303
0.9897535
0.6210529
0.013860616
0.0001451879
0.6765252
0.1275526
0.46622676
1.0
0.9150814
1.3112492e-06
0.08455943
0.00047752372
0.9897367
0.65157384
0.9618675
0.3134105
0.33228704
0.061146263
0.94225353
0.7317356
0.9463363
0.364516
0.08570633
0.7310304
0.9532182
0.5662408
0.04673337
1.0
0.7086567
0.74921477
0.95376617
0.88597333
0.70795685
0.6450091
0.67731994
0.9999573
0.63565236
0.9848203
0.5808327
0.99999964
0.85115325
0.617604
0.24131991
0.9748301
0.56021
0.54779476
0.21148726
7.878295e-05
0.9993228
0.0008955303
0.61100066
0.9064999
0.97390443
0.59409547
0.8875446
0.78586143
0.9999479
0.58387566
0.98509514
0.98865485
0.59849364
0.59266424
9.7573886e-11
0.039216034
0.07710289
1.0
0.8448726
0.876451
0.9729182
0.52574384
0.9966552
0.96244204
0.4732437
0.08246381
0.58098274
0.0017587743
1.0
